Uin = 48;
L = 2.8125e-3
C = 6.25e-4;
R = 1.8;
